#Cluster   Frames     Frac  AvgDist    Stdev Centroid AvgCDist
       0    27783    0.695    2.460    0.773    17767    2.594
       1     2067    0.052    2.256    0.618     6176    2.792
       2     1633    0.041    0.000    0.000    19285    4.241
       3     1240    0.031    0.000    0.000    27036    3.739
       4      453    0.011    0.000    0.000    12460    4.368
       5      338    0.008    0.000    0.000    19305    4.077
       6      307    0.008    1.088    0.246    24930    3.925
       7      306    0.008    0.000    0.000    10585    3.833
       8      269    0.007    0.000    0.000    35535    3.643
       9      263    0.007    1.184    0.170    24653    3.888
      10      222    0.006    0.000    0.000     4878    4.073
      11      220    0.005    0.000    0.000    39912    3.751
      12      214    0.005    0.000    0.000     2498    4.346
      13      214    0.005    1.214    0.000     7997    4.060
      14      183    0.005    0.000    0.000    26733    4.330
      15      166    0.004    1.312    0.210     2989    3.548
      16      159    0.004    0.000    0.000    33353    4.192
      17      134    0.003    1.482    0.000     6384    3.364
      18      131    0.003    1.534    0.597    39833    3.382
      19      124    0.003    0.000    0.000    29883    4.058
      20      123    0.003    0.000    0.000    36329    3.879
      21      101    0.003    0.000    0.000    36370    3.724
      22      100    0.003    0.000    0.000    18269    4.528
      23      100    0.003    1.418    0.118    24461    3.637
      24       98    0.002    0.000    0.000    37891    3.881
      25       94    0.002    1.474    0.000     3577    3.433
      26       93    0.002    0.000    0.000    39669    3.674
      27       92    0.002    0.000    0.000     6203    3.947
      28       91    0.002    0.000    0.000     4181    3.623
      29       84    0.002    1.445    0.276     4061    3.518
      30       78    0.002    0.000    0.000    25028    3.922
      31       77    0.002    0.000    0.000     2101    3.674
      32       75    0.002    0.000    0.000    20484    3.870
      33       70    0.002    1.148    0.000     3248    3.703
      34       70    0.002    0.000    0.000     9196    3.833
      35       66    0.002    1.556    0.163    38756    3.568
      36       66    0.002    1.261    0.000     6281    3.616
      37       62    0.002    0.000    0.000     5923    3.516
      38       59    0.001    0.000    0.000    38673    3.854
      39       58    0.001    0.000    0.000    36997    3.851
      40       57    0.001    0.000    0.000     4481    3.561
      41       52    0.001    0.000    0.000     2607    4.515
      42       50    0.001    0.000    0.000    22326    4.205
      43       49    0.001    0.000    0.000     3501    3.973
      44       49    0.001    0.000    0.000     3297    3.646
      45       45    0.001    0.000    0.000    16782    3.889
      46       44    0.001    1.445    0.000     3441    3.651
      47       44    0.001    0.000    0.000    14194    4.267
      48       42    0.001    0.000    0.000    38838    3.844
      49       41    0.001    0.000    0.000    36482    4.281
      50       40    0.001    0.000    0.000     4041    3.512
      51       40    0.001    0.971    0.000     6641    3.760
      52       39    0.001    0.000    0.000     1761    3.512
      53       38    0.001    0.000    0.000     6901    3.771
      54       38    0.001    0.000    0.000    39451    4.705
      55       35    0.001    1.368    0.000    31760    4.204
      56       35    0.001    0.000    0.000    39161    3.871
      57       34    0.001    0.000    0.000     6962    3.980
      58       34    0.001    0.000    0.000     7080    4.148
      59       33    0.001    0.000    0.000     2281    3.682
      60       33    0.001    0.000    0.000     5839    3.636
      61       32    0.001    0.000    0.000     3201    3.447
      62       31    0.001    0.000    0.000     1981    3.620
      63       30    0.001    0.000    0.000     6941    4.273
      64       28    0.001    0.000    0.000    28266    3.987
      65       28    0.001    0.000    0.000    39421    4.078
      66       27    0.001    0.000    0.000    39783    4.000
      67       26    0.001    0.000    0.000     3426    3.697
      68       26    0.001    0.000    0.000     6921    4.131
      69       25    0.001    0.000    0.000     6661    4.227
      70       25    0.001    1.338    0.000     6681    3.714
      71       24    0.001    0.000    0.000     4224    3.781
      72       24    0.001    1.492    0.000     5841    3.947
      73       23    0.001    0.000    0.000    35315    4.161
      74       23    0.001    0.000    0.000    20354    4.309
      75       23    0.001    0.000    0.000    38821    3.781
      76       22    0.001    0.000    0.000     7077    4.378
      77       22    0.001    0.000    0.000    24790    3.933
      78       22    0.001    0.000    0.000     6065    3.904
      79       22    0.001    0.000    0.000    39541    4.827
      80       21    0.001    0.000    0.000    38881    3.756
      81       21    0.001    0.000    0.000    39321    3.861
      82       20    0.001    0.000    0.000     3261    4.002
      83       20    0.001    0.000    0.000     7061    4.086
      84       20    0.001    0.000    0.000    24403    4.061
      85       20    0.001    0.000    0.000    39496    4.940
      86       19    0.000    0.000    0.000     3421    4.280
      87       19    0.000    0.000    0.000    24956    4.071
      88       18    0.000    0.000    0.000     1915    3.918
      89       18    0.000    0.000    0.000     7081    4.142
      90       18    0.000    0.000    0.000    39441    5.252
      91       18    0.000    0.000    0.000     2203    4.036
      92       17    0.000    0.000    0.000     2181    4.021
      93       17    0.000    0.000    0.000    39493    4.615
      94       16    0.000    0.000    0.000     3213    3.654
      95       16    0.000    0.000    0.000     6841    4.042
      96       16    0.000    0.000    0.000     6954    4.374
      97       15    0.000    0.000    0.000    38736    3.829
      98       15    0.000    0.000    0.000     4381    3.626
      99       15    0.000    0.000    0.000     6927    4.794
     100       15    0.000    0.000    0.000    38474    4.862
     101       14    0.000    0.000    0.000    38786    4.084
     102       13    0.000    0.000    0.000     3041    3.728
     103       13    0.000    0.000    0.000     4401    4.022
     104       13    0.000    0.000    0.000     6361    4.009
     105       12    0.000    0.000    0.000     3461    3.959
     106       12    0.000    0.000    0.000     3561    4.327
     107       12    0.000    0.000    0.000     7003    4.332
     108       11    0.000    0.000    0.000     7026    4.077
     109       11    0.000    0.000    0.000    39722    3.932
     110       10    0.000    0.000    0.000    31141    4.522
     111        9    0.000    0.000    0.000     3548    4.098
     112        9    0.000    0.000    0.000     6621    3.968
     113        9    0.000    0.000    0.000     1908    3.921
     114        8    0.000    0.000    0.000     6721    3.984
     115        7    0.000    0.000    0.000    38861    3.977
     116        7    0.000    0.000    0.000    39501    4.649
     117        6    0.000    0.000    0.000     6381    4.070
     118        5    0.000    0.000    0.000    38479    5.038
     119        5    0.000    0.000    0.000    38781    4.134
     120        2    0.000    0.000    0.000     6663    4.572
