#Cluster   Frames     Frac  AvgDist    Stdev Centroid AvgCDist
       0     9593    0.240    2.990    0.785    31384    2.864
       1     1008    0.025    2.348    0.658    17006    3.435
       2      603    0.015    0.000    0.000     6707    4.272
       3      421    0.011    1.634    0.591    15313    4.195
       4      405    0.010    0.000    0.000    39465    4.353
       5      387    0.010    1.348    0.000    32718    4.425
       6      386    0.010    0.000    0.000    39256    4.733
       7      376    0.009    0.000    0.000    30605    4.753
       8      373    0.009    0.000    0.000     5196    4.397
       9      266    0.007    0.000    0.000    34668    4.631
      10      259    0.006    0.000    0.000    29750    4.650
      11      241    0.006    0.000    0.000     1763    4.695
      12      239    0.006    0.000    0.000    14184    4.518
      13      237    0.006    1.314    0.000    34269    4.290
      14      236    0.006    2.111    0.685     4046    3.847
      15      227    0.006    1.394    0.000     1035    4.181
      16      225    0.006    0.000    0.000     1943    4.454
      17      223    0.006    1.418    0.000     9078    4.337
      18      222    0.006    0.000    0.000    14868    4.489
      19      220    0.005    0.000    0.000     8600    4.515
      20      219    0.005    0.000    0.000    36209    4.376
      21      212    0.005    0.000    0.000    20295    4.628
      22      208    0.005    1.377    0.136     7189    4.588
      23      200    0.005    1.810    0.429    32288    4.325
      24      200    0.005    0.000    0.000    25049    4.586
      25      199    0.005    0.000    0.000    37967    4.311
      26      199    0.005    0.000    0.000    21753    4.412
      27      188    0.005    0.000    0.000    16005    4.474
      28      187    0.005    1.820    0.426    32878    4.124
      29      184    0.005    0.000    0.000    12774    4.516
      30      175    0.004    0.000    0.000    35054    4.362
      31      174    0.004    1.774    0.474     2775    4.299
      32      168    0.004    0.000    0.000    38549    4.462
      33      165    0.004    0.000    0.000    18414    4.494
      34      161    0.004    0.000    0.000    27857    4.244
      35      159    0.004    0.000    0.000     1845    4.484
      36      159    0.004    0.000    0.000    37629    4.596
      37      153    0.004    0.000    0.000    18444    4.528
      38      151    0.004    0.000    0.000    18636    4.394
      39      150    0.004    2.131    0.760    18266    3.994
      40      142    0.004    1.020    0.000     8201    4.376
      41      135    0.003    0.000    0.000    30920    4.546
      42      133    0.003    1.833    0.469    25415    3.838
      43      132    0.003    0.000    0.000    33486    4.306
      44      131    0.003    0.784    0.000     2659    5.370
      45      131    0.003    0.000    0.000     5450    4.268
      46      128    0.003    1.828    0.440    12455    4.053
      47      128    0.003    1.451    0.000    30142    4.313
      48      127    0.003    1.650    0.433    38921    4.154
      49      126    0.003    1.257    0.336    11711    4.820
      50      124    0.003    0.000    0.000      984    4.468
      51      121    0.003    1.399    0.170    22785    4.106
      52      121    0.003    1.488    0.305    30513    4.328
      53      120    0.003    0.000    0.000    23853    4.316
      54      119    0.003    0.000    0.000    16029    4.539
      55      117    0.003    0.000    0.000    24223    4.558
      56      117    0.003    0.000    0.000    32957    4.647
      57      110    0.003    0.000    0.000     8952    4.471
      58      110    0.003    0.000    0.000    19633    4.350
      59      107    0.003    0.000    0.000     5121    4.339
      60      107    0.003    0.000    0.000    16701    4.641
      61      106    0.003    1.796    0.410     6841    4.225
      62      106    0.003    0.000    0.000    15861    4.189
      63      104    0.003    0.000    0.000    24648    4.447
      64      103    0.003    1.407    0.301     9847    4.288
      65       99    0.002    0.000    0.000    38893    4.493
      66       98    0.002    0.000    0.000     4177    4.551
      67       97    0.002    1.716    0.414    14281    4.472
      68       91    0.002    0.000    0.000    27945    4.379
      69       90    0.002    1.274    0.000      721    4.177
      70       90    0.002    0.000    0.000    17374    4.288
      71       90    0.002    0.000    0.000     7670    4.314
      72       89    0.002    0.000    0.000     8243    4.643
      73       89    0.002    0.000    0.000    17347    4.407
      74       88    0.002    0.000    0.000    37067    4.586
      75       86    0.002    0.000    0.000       21    5.314
      76       85    0.002    0.000    0.000     7508    4.537
      77       84    0.002    0.000    0.000    21679    4.581
      78       83    0.002    1.471    0.350    33174    4.637
      79       83    0.002    0.000    0.000    12974    4.285
      80       81    0.002    0.000    0.000      509    4.580
      81       79    0.002    0.000    0.000     8514    4.522
      82       77    0.002    0.000    0.000     4481    4.412
      83       77    0.002    0.000    0.000     8397    4.699
      84       75    0.002    0.979    0.317    17266    4.613
      85       74    0.002    0.000    0.000    31839    4.673
      86       73    0.002    1.240    0.322    13501    4.325
      87       72    0.002    1.323    0.000    21515    4.532
      88       71    0.002    1.461    0.331    26713    4.140
      89       71    0.002    0.000    0.000    37481    4.268
      90       71    0.002    0.000    0.000    19616    4.406
      91       69    0.002    0.000    0.000      781    4.186
      92       69    0.002    1.553    0.365     3917    4.266
      93       67    0.002    0.000    0.000    24505    4.256
      94       66    0.002    1.387    0.155    18341    4.530
      95       65    0.002    1.377    0.000    13161    4.506
      96       65    0.002    1.649    0.461    16440    4.761
      97       64    0.002    0.000    0.000     9361    4.480
      98       64    0.002    0.000    0.000    18541    4.479
      99       64    0.002    0.000    0.000     5614    4.921
     100       63    0.002    0.000    0.000     6759    4.323
     101       63    0.002    0.000    0.000     4521    4.894
     102       63    0.002    0.000    0.000    21501    4.309
     103       63    0.002    0.000    0.000     5655    4.435
     104       63    0.002    1.437    0.000    14488    4.102
     105       62    0.002    0.000    0.000     6481    4.548
     106       62    0.002    1.401    0.000    19148    4.299
     107       62    0.002    1.174    0.000    28841    4.705
     108       62    0.002    0.000    0.000     8457    4.464
     109       61    0.002    0.000    0.000    24047    4.441
     110       61    0.002    0.951    0.034    14292    4.407
     111       61    0.002    0.000    0.000    34223    4.524
     112       60    0.002    1.525    0.135     8861    4.159
     113       59    0.001    0.000    0.000    10471    4.749
     114       58    0.001    0.000    0.000      341    4.740
     115       57    0.001    0.000    0.000    29596    4.545
     116       57    0.001    1.484    0.000    23021    4.422
     117       57    0.001    0.000    0.000    30896    4.934
     118       56    0.001    0.000    0.000    18721    4.372
     119       55    0.001    0.000    0.000    34603    4.531
     120       55    0.001    0.000    0.000    33261    4.264
     121       55    0.001    0.000    0.000     1647    4.337
     122       54    0.001    0.000    0.000    18741    4.408
     123       53    0.001    0.000    0.000    13561    4.749
     124       53    0.001    0.000    0.000    26369    4.601
     125       53    0.001    0.000    0.000    35494    4.734
     126       52    0.001    1.250    0.000    33491    4.507
     127       52    0.001    0.000    0.000    15621    4.862
     128       52    0.001    0.000    0.000    26381    4.803
     129       52    0.001    0.000    0.000    35921    4.677
     130       51    0.001    0.000    0.000     5941    4.968
     131       51    0.001    0.000    0.000    11527    4.417
     132       51    0.001    0.000    0.000    37181    4.541
     133       50    0.001    0.000    0.000    26821    4.577
     134       50    0.001    0.000    0.000    32977    4.679
     135       50    0.001    0.000    0.000    38558    4.315
     136       49    0.001    0.850    0.000    15141    4.547
     137       49    0.001    0.000    0.000    19941    4.487
     138       49    0.001    0.000    0.000    17011    4.583
     139       49    0.001    0.000    0.000    28941    4.372
     140       48    0.001    0.000    0.000     5701    4.348
     141       48    0.001    0.000    0.000    23707    4.457
     142       47    0.001    0.611    0.000    35481    4.584
     143       47    0.001    0.000    0.000    20080    4.247
     144       47    0.001    0.000    0.000    17521    4.510
     145       47    0.001    0.675    0.000    18021    4.774
     146       46    0.001    0.982    0.000    29893    4.595
     147       46    0.001    0.000    0.000     1601    4.231
     148       46    0.001    1.365    0.000    18251    4.483
     149       46    0.001    0.000    0.000    29999    4.256
     150       45    0.001    0.000    0.000     9498    4.325
     151       45    0.001    0.000    0.000     3078    4.568
     152       45    0.001    0.000    0.000    20624    4.428
     153       45    0.001    0.000    0.000    30361    4.518
     154       44    0.001    0.000    0.000    10061    4.567
     155       44    0.001    1.388    0.000    15541    4.517
     156       44    0.001    0.000    0.000    32635    4.523
     157       43    0.001    0.000    0.000    23717    4.306
     158       43    0.001    0.000    0.000      614    4.898
     159       43    0.001    1.225    0.000    12201    4.356
     160       43    0.001    0.000    0.000    18921    4.534
     161       43    0.001    0.000    0.000    36374    4.432
     162       43    0.001    0.000    0.000    26901    4.728
     163       42    0.001    0.000    0.000     3241    4.841
     164       42    0.001    1.480    0.000    22988    4.776
     165       42    0.001    0.000    0.000    19021    4.935
     166       42    0.001    0.000    0.000    22289    4.653
     167       42    0.001    0.000    0.000    13588    4.575
     168       41    0.001    0.000    0.000    13347    4.240
     169       41    0.001    0.000    0.000     6154    4.525
     170       41    0.001    0.000    0.000    38241    4.633
     171       40    0.001    0.000    0.000     8979    4.457
     172       40    0.001    0.000    0.000    16501    4.636
     173       40    0.001    0.000    0.000    29001    4.526
     174       39    0.001    0.000    0.000     2780    4.601
     175       39    0.001    1.380    0.000     9561    4.407
     176       39    0.001    0.000    0.000    15081    4.378
     177       39    0.001    0.000    0.000    23325    4.902
     178       39    0.001    0.000    0.000    18001    4.650
     179       39    0.001    0.000    0.000    18681    4.463
     180       39    0.001    1.378    0.000    29922    4.225
     181       39    0.001    0.000    0.000    33881    4.160
     182       38    0.001    0.972    0.000    10781    4.634
     183       38    0.001    1.455    0.000     3987    4.331
     184       38    0.001    0.000    0.000     5841    4.554
     185       38    0.001    1.465    0.000    25374    4.410
     186       38    0.001    0.000    0.000    12381    4.353
     187       38    0.001    0.000    0.000    15561    4.687
     188       38    0.001    0.000    0.000    35861    4.626
     189       37    0.001    0.000    0.000     1566    4.753
     190       37    0.001    0.000    0.000     5342    4.742
     191       36    0.001    0.000    0.000     7018    4.846
     192       36    0.001    0.000    0.000    19019    4.687
     193       36    0.001    0.000    0.000    19361    5.100
     194       36    0.001    0.000    0.000    25784    4.479
     195       36    0.001    0.000    0.000    20625    4.413
     196       36    0.001    0.000    0.000    35235    4.637
     197       36    0.001    0.000    0.000    35652    4.491
     198       36    0.001    0.000    0.000    37301    4.345
     199       35    0.001    0.000    0.000     1121    4.962
     200       35    0.001    0.000    0.000    14641    4.634
     201       35    0.001    0.000    0.000    15481    5.175
     202       35    0.001    0.000    0.000    16361    5.101
     203       35    0.001    0.000    0.000    17161    4.928
     204       35    0.001    0.000    0.000    18118    5.180
     205       35    0.001    0.000    0.000    19081    4.864
     206       35    0.001    0.000    0.000    22721    4.371
     207       35    0.001    0.000    0.000    22861    4.551
     208       35    0.001    0.000    0.000    23221    4.686
     209       35    0.001    0.000    0.000     2466    4.502
     210       35    0.001    0.000    0.000    28774    4.575
     211       35    0.001    0.949    0.000    28861    4.850
     212       34    0.001    0.000    0.000    12241    4.685
     213       34    0.001    0.000    0.000    13421    4.887
     214       34    0.001    0.000    0.000    14961    4.727
     215       34    0.001    0.000    0.000    18321    5.930
     216       34    0.001    0.000    0.000    23874    4.746
     217       34    0.001    0.000    0.000    25421    4.748
     218       34    0.001    0.000    0.000    28061    4.537
     219       34    0.001    0.000    0.000    29100    4.516
     220       34    0.001    0.000    0.000    29281    4.794
     221       34    0.001    0.000    0.000    29661    4.277
     222       34    0.001    0.000    0.000    31061    4.291
     223       34    0.001    0.000    0.000    31101    4.703
     224       34    0.001    0.000    0.000    37861    4.331
     225       33    0.001    0.000    0.000     3395    4.682
     226       33    0.001    0.000    0.000    12621    4.603
     227       33    0.001    0.000    0.000    13081    4.475
     228       33    0.001    0.000    0.000    13381    4.320
     229       33    0.001    0.000    0.000    33131    4.562
     230       33    0.001    0.000    0.000    18041    4.788
     231       33    0.001    0.000    0.000    19001    5.712
     232       33    0.001    0.000    0.000    21843    4.798
     233       33    0.001    0.000    0.000    25461    4.597
     234       33    0.001    0.000    0.000    28341    4.645
     235       33    0.001    0.000    0.000    29061    4.706
     236       33    0.001    0.000    0.000    37981    4.435
     237       33    0.001    0.000    0.000    39601    5.025
     238       32    0.001    0.000    0.000     4301    4.780
     239       32    0.001    0.000    0.000    11781    4.905
     240       32    0.001    0.000    0.000    16281    4.686
     241       32    0.001    0.000    0.000    16301    4.839
     242       32    0.001    0.000    0.000    17141    5.486
     243       32    0.001    0.000    0.000    19201    4.758
     244       32    0.001    0.000    0.000    22841    4.511
     245       31    0.001    1.157    0.000     1201    4.490
     246       31    0.001    0.000    0.000    10501    4.580
     247       31    0.001    0.000    0.000    38629    4.366
     248       31    0.001    0.000    0.000    17181    4.888
     249       31    0.001    0.000    0.000    18841    4.750
     250       31    0.001    0.000    0.000    19481    4.660
     251       31    0.001    0.000    0.000    24201    4.404
     252       31    0.001    0.000    0.000    30541    4.531
     253       31    0.001    0.000    0.000    33821    4.806
     254       31    0.001    0.000    0.000    35661    4.521
     255       31    0.001    0.000    0.000      295    5.376
     256       30    0.001    0.000    0.000     2520    4.446
     257       30    0.001    0.000    0.000     4701    4.320
     258       30    0.001    0.000    0.000     6906    4.714
     259       30    0.001    0.000    0.000    12281    4.737
     260       30    0.001    0.000    0.000    12581    4.656
     261       30    0.001    0.000    0.000    26350    4.651
     262       30    0.001    0.000    0.000    17301    4.869
     263       30    0.001    0.000    0.000    18142    5.175
     264       30    0.001    0.000    0.000    20461    4.828
     265       30    0.001    0.000    0.000    28545    4.997
     266       30    0.001    0.000    0.000    29881    4.992
     267       30    0.001    0.000    0.000    33181    4.530
     268       30    0.001    0.000    0.000    37121    4.892
     269       30    0.001    0.000    0.000    37521    4.618
     270       29    0.001    0.000    0.000     5981    4.757
     271       29    0.001    0.000    0.000    15108    4.905
     272       29    0.001    0.000    0.000    38587    4.950
     273       29    0.001    0.000    0.000    14934    4.689
     274       29    0.001    0.000    0.000    28661    5.281
     275       29    0.001    0.000    0.000    37381    4.531
     276       28    0.001    0.000    0.000     1361    5.385
     277       28    0.001    0.000    0.000    24572    4.861
     278       28    0.001    0.000    0.000     5821    4.725
     279       28    0.001    0.000    0.000    31645    4.946
     280       28    0.001    0.000    0.000    20824    4.454
     281       28    0.001    0.000    0.000    10042    4.533
     282       28    0.001    0.000    0.000    18981    5.421
     283       28    0.001    0.000    0.000    18144    5.543
     284       28    0.001    0.000    0.000    19721    4.566
     285       28    0.001    0.000    0.000    20401    4.644
     286       28    0.001    0.000    0.000    23621    4.348
     287       28    0.001    0.000    0.000    26841    4.533
     288       28    0.001    0.000    0.000    28321    4.570
     289       28    0.001    0.000    0.000    31539    6.149
     290       28    0.001    0.000    0.000    31581    4.835
     291       28    0.001    0.000    0.000    33201    4.459
     292       28    0.001    0.000    0.000    34841    4.481
     293       28    0.001    0.000    0.000    37461    4.307
     294       27    0.001    0.000    0.000     6421    4.429
     295       27    0.001    0.000    0.000     9401    4.771
     296       27    0.001    0.000    0.000    13041    4.841
     297       27    0.001    0.000    0.000    13221    4.767
     298       27    0.001    0.000    0.000    14141    4.399
     299       27    0.001    0.000    0.000    16201    4.375
     300       27    0.001    0.000    0.000    16921    4.521
     301       27    0.001    0.000    0.000    17241    5.274
     302       27    0.001    0.000    0.000    17280    5.187
     303       27    0.001    0.000    0.000    19981    4.543
     304       27    0.001    0.000    0.000    20421    4.583
     305       27    0.001    0.000    0.000    22941    5.431
     306       27    0.001    0.000    0.000    25441    4.665
     307       27    0.001    1.469    0.000    19395    4.551
     308       27    0.001    0.000    0.000    16329    4.778
     309       27    0.001    0.000    0.000    38521    4.323
     310       26    0.001    0.000    0.000    39803    4.409
     311       26    0.001    0.000    0.000     6881    4.578
     312       26    0.001    0.000    0.000    11101    5.203
     313       26    0.001    0.000    0.000     3892    4.908
     314       26    0.001    0.000    0.000    18361    4.934
     315       26    0.001    0.000    0.000    19321    4.818
     316       26    0.001    0.000    0.000    18192    5.284
     317       26    0.001    0.000    0.000    25988    4.272
     318       26    0.001    0.000    0.000    29241    4.691
     319       26    0.001    0.000    0.000    29781    4.449
     320       26    0.001    0.000    0.000    31616    4.660
     321       26    0.001    0.000    0.000    33401    4.392
     322       26    0.001    0.000    0.000    36261    4.381
     323       26    0.001    0.000    0.000    38501    4.650
     324       25    0.001    0.000    0.000    11815    4.918
     325       25    0.001    0.000    0.000    12295    5.158
     326       25    0.001    0.000    0.000    12601    4.525
     327       25    0.001    0.000    0.000    13109    4.512
     328       25    0.001    0.000    0.000    13701    4.501
     329       25    0.001    0.000    0.000    22981    5.102
     330       25    0.001    0.000    0.000    23161    4.401
     331       25    0.001    0.000    0.000    23321    4.616
     332       25    0.001    0.000    0.000    29861    4.698
     333       25    0.001    0.000    0.000    33421    4.520
     334       25    0.001    0.000    0.000    31338    4.923
     335       24    0.001    0.000    0.000      881    4.743
     336       24    0.001    0.000    0.000     4429    4.538
     337       24    0.001    0.000    0.000     4961    4.328
     338       24    0.001    1.436    0.000     8621    4.570
     339       24    0.001    0.000    0.000    10201    4.781
     340       24    0.001    0.000    0.000    11921    4.800
     341       24    0.001    0.000    0.000    11930    5.254
     342       24    0.001    0.000    0.000    26352    4.573
     343       24    0.001    0.000    0.000    17661    4.834
     344       24    0.001    1.275    0.000    38621    4.556
     345       24    0.001    0.000    0.000    18983    5.225
     346       24    0.001    0.000    0.000    26721    4.344
     347       24    0.001    0.000    0.000    28984    4.826
     348       24    0.001    0.000    0.000    20944    4.548
     349       23    0.001    0.000    0.000     1581    4.660
     350       23    0.001    0.000    0.000     3301    4.562
     351       23    0.001    0.000    0.000     4381    4.903
     352       23    0.001    0.000    0.000     5881    4.386
     353       23    0.001    0.000    0.000    28288    5.024
     354       23    0.001    0.000    0.000    12641    4.774
     355       23    0.001    0.000    0.000     3967    4.708
     356       23    0.001    0.000    0.000    31911    4.904
     357       23    0.001    0.000    0.000      428    4.453
     358       23    0.001    0.000    0.000    28261    4.817
     359       23    0.001    0.000    0.000    28364    4.906
     360       23    0.001    0.000    0.000    28541    4.901
     361       23    0.001    0.000    0.000    28821    5.078
     362       23    0.001    0.000    0.000    28921    4.890
     363       23    0.001    0.000    0.000    30401    4.567
     364       23    0.001    0.000    0.000    37961    4.825
     365       22    0.001    0.000    0.000     9861    4.538
     366       22    0.001    0.000    0.000    13021    4.641
     367       22    0.001    0.000    0.000    20586    4.678
     368       22    0.001    0.000    0.000    13401    4.813
     369       22    0.001    0.000    0.000    15641    4.906
     370       22    0.001    1.405    0.000    18121    5.277
     371       22    0.001    0.000    0.000    21354    4.740
     372       22    0.001    0.000    0.000    23081    6.440
     373       22    0.001    0.000    0.000    28561    4.861
     374       22    0.001    0.000    0.000    29201    4.933
     375       22    0.001    0.000    0.000    13118    4.762
     376       22    0.001    0.000    0.000    28749    4.755
     377       22    0.001    0.000    0.000    35461    4.433
     378       21    0.001    0.000    0.000     1241    4.994
     379       21    0.001    0.000    0.000     3901    4.399
     380       21    0.001    0.000    0.000    22730    4.873
     381       21    0.001    0.000    0.000     7441    4.723
     382       21    0.001    0.000    0.000    11359    4.554
     383       21    0.001    0.000    0.000    38623    4.724
     384       21    0.001    0.000    0.000     9461    4.580
     385       21    0.001    0.000    0.000    12066    5.002
     386       21    0.001    0.000    0.000      365    4.540
     387       21    0.001    0.000    0.000    19020    4.618
     388       21    0.001    0.000    0.000    21365    5.242
     389       21    0.001    0.000    0.000    18961    4.773
     390       21    0.001    0.000    0.000    19381    5.511
     391       21    0.001    0.000    0.000    21081    4.696
     392       21    0.001    0.000    0.000    16792    4.934
     393       21    0.001    0.000    0.000    23041    4.989
     394       21    0.001    0.000    0.000    26141    4.694
     395       21    0.001    0.000    0.000    31661    4.918
     396       20    0.001    0.000    0.000     1101    4.822
     397       20    0.001    0.000    0.000     1261    4.900
     398       20    0.001    0.000    0.000    38147    5.306
     399       20    0.001    0.000    0.000    10068    4.607
     400       20    0.001    0.000    0.000    11085    4.655
     401       20    0.001    0.000    0.000    12981    4.358
     402       20    0.001    0.000    0.000    13981    4.756
     403       20    0.001    0.000    0.000    14981    4.425
     404       20    0.001    0.000    0.000    16161    4.582
     405       20    0.001    1.164    0.000    29121    4.702
     406       20    0.001    0.000    0.000    18221    4.962
     407       20    0.001    0.000    0.000    18901    4.839
     408       20    0.001    0.000    0.000    19961    4.500
     409       20    0.001    0.000    0.000    39792    4.368
     410       20    0.001    0.000    0.000    25606    5.086
     411       20    0.001    0.000    0.000    28781    4.960
     412       20    0.001    0.000    0.000    29181    4.649
     413       20    0.001    0.000    0.000    31621    4.803
     414       20    0.001    0.000    0.000    32301    4.916
     415       20    0.001    0.000    0.000     1191    4.610
     416       20    0.001    0.000    0.000    34021    4.600
     417       20    0.001    0.000    0.000    39499    5.852
     418       20    0.001    0.000    0.000    19719    4.634
     419       19    0.000    0.000    0.000      281    4.579
     420       19    0.000    0.000    0.000     1621    4.200
     421       19    0.000    0.000    0.000     7781    4.685
     422       19    0.000    0.000    0.000     9706    4.973
     423       19    0.000    0.000    0.000     9821    4.386
     424       19    0.000    0.000    0.000    11361    4.561
     425       19    0.000    0.000    0.000    13183    4.904
     426       19    0.000    0.000    0.000    13961    5.389
     427       19    0.000    0.000    0.000    17201    5.159
     428       19    0.000    0.000    0.000    23152    4.758
     429       19    0.000    0.000    0.000    36338    4.510
     430       19    0.000    0.000    0.000    31821    4.961
     431       19    0.000    0.000    0.000    35254    4.459
     432       19    0.000    0.000    0.000    38141    4.925
     433       19    0.000    0.000    0.000    38598    4.844
     434       19    0.000    0.000    0.000    39061    4.640
     435       18    0.000    0.000    0.000      181    5.281
     436       18    0.000    1.431    0.000    38936    5.118
     437       18    0.000    0.000    0.000     8221    4.717
     438       18    0.000    1.382    0.000    10521    4.573
     439       18    0.000    0.000    0.000    11719    5.082
     440       18    0.000    0.000    0.000    12101    5.252
     441       18    0.000    0.000    0.000    12481    4.319
     442       18    0.000    0.000    0.000    14021    4.314
     443       18    0.000    0.000    0.000    22983    5.915
     444       18    0.000    0.000    0.000    14541    4.829
     445       18    0.000    0.000    0.000    16177    4.743
     446       18    0.000    0.000    0.000    16641    5.000
     447       18    0.000    0.000    0.000    17341    4.941
     448       18    0.000    0.000    0.000    17681    4.905
     449       18    0.000    0.000    0.000     2362    4.633
     450       18    0.000    0.000    0.000    19341    4.678
     451       18    0.000    0.000    0.000    19461    4.882
     452       18    0.000    0.000    0.000    19701    4.742
     453       18    0.000    0.000    0.000    20441    4.532
     454       18    0.000    0.000    0.000    20541    4.538
     455       18    0.000    0.000    0.000    22741    4.698
     456       18    0.000    0.000    0.000    26321    4.852
     457       18    0.000    0.000    0.000    26761    4.653
     458       18    0.000    0.000    0.000    27420    5.020
     459       18    0.000    0.000    0.000    27921    4.546
     460       18    0.000    0.000    0.000    28301    4.496
     461       18    0.000    0.000    0.000    33121    4.583
     462       18    0.000    0.000    0.000    39981    4.551
     463       17    0.000    0.000    0.000      159    5.275
     464       17    0.000    0.000    0.000    36997    4.838
     465       17    0.000    0.000    0.000     3947    4.640
     466       17    0.000    0.000    0.000     7821    4.496
     467       17    0.000    0.000    0.000    16604    4.276
     468       17    0.000    0.000    0.000    11861    4.764
     469       17    0.000    0.000    0.000    13061    4.569
     470       17    0.000    0.000    0.000     1217    4.554
     471       17    0.000    0.000    0.000    17121    4.466
     472       17    0.000    0.000    0.000    18861    5.190
     473       17    0.000    0.000    0.000    13538    4.605
     474       17    0.000    0.000    0.000    23141    4.585
     475       17    0.000    0.000    0.000    26301    4.689
     476       17    0.000    0.000    0.000    26561    5.001
     477       17    0.000    0.000    0.000    29081    5.428
     478       17    0.000    0.000    0.000    29901    4.934
     479       17    0.000    0.000    0.000     5848    4.872
     480       17    0.000    0.000    0.000    33101    4.553
     481       17    0.000    0.000    0.000    20408    4.798
     482       17    0.000    0.000    0.000    38441    4.770
     483       16    0.000    0.000    0.000      321    4.454
     484       16    0.000    0.000    0.000    30890    4.781
     485       16    0.000    0.000    0.000    10161    5.233
     486       16    0.000    0.000    0.000    10181    4.809
     487       16    0.000    0.000    0.000    11896    5.156
     488       16    0.000    0.000    0.000    12059    5.623
     489       16    0.000    0.000    0.000    12121    4.871
     490       16    0.000    0.000    0.000    12661    5.132
     491       16    0.000    0.000    0.000    13281    4.744
     492       16    0.000    0.000    0.000    13441    4.526
     493       16    0.000    0.000    0.000    15841    4.543
     494       16    0.000    0.000    0.000    16321    4.485
     495       16    0.000    0.000    0.000    18051    4.823
     496       16    0.000    0.000    0.000    18941    5.048
     497       16    0.000    1.449    0.000    22761    4.715
     498       16    0.000    0.000    0.000    19441    5.051
     499       16    0.000    0.000    0.000    25525    4.976
     500       16    0.000    0.000    0.000    26181    4.645
     501       16    0.000    0.000    0.000    23342    4.449
     502       16    0.000    0.000    0.000    28441    5.065
     503       16    0.000    1.337    0.000    33081    4.691
     504       16    0.000    0.000    0.000    38069    5.011
     505       16    0.000    0.000    0.000    39541    5.156
     506       16    0.000    0.000    0.000    39801    5.132
     507       15    0.000    0.000    0.000     1321    4.635
     508       15    0.000    0.000    0.000    11021    4.723
     509       15    0.000    0.000    0.000    11141    4.557
     510       15    0.000    0.000    0.000    13921    4.637
     511       15    0.000    0.000    0.000    15341    4.650
     512       15    0.000    0.000    0.000    15821    4.324
     513       15    0.000    0.000    0.000    16081    4.552
     514       15    0.000    0.000    0.000    16101    4.524
     515       15    0.000    0.000    0.000    16121    4.530
     516       15    0.000    0.000    0.000     5916    4.836
     517       15    0.000    0.000    0.000    16581    4.310
     518       15    0.000    0.000    0.000    17016    4.631
     519       15    0.000    0.000    0.000    17312    4.912
     520       15    0.000    0.000    0.000    19101    4.650
     521       15    0.000    0.000    0.000    22241    4.763
     522       15    0.000    0.000    0.000    22821    4.913
     523       15    0.000    0.000    0.000    23121    4.890
     524       15    0.000    0.000    0.000    25381    4.442
     525       15    0.000    0.000    0.000    26421    4.843
     526       15    0.000    1.389    0.000    38261    4.708
     527       15    0.000    0.000    0.000    35203    5.351
     528       15    0.000    0.000    0.000    28736    5.131
     529       14    0.000    0.000    0.000      101    4.700
     530       14    0.000    0.000    0.000     5761    4.284
     531       14    0.000    0.000    0.000     5933    5.455
     532       14    0.000    0.000    0.000     7741    4.515
     533       14    0.000    0.000    0.000    11481    4.751
     534       14    0.000    0.000    0.000    13241    4.858
     535       14    0.000    0.000    0.000    13301    4.414
     536       14    0.000    0.000    0.000    13881    4.597
     537       14    0.000    0.000    0.000    15001    4.709
     538       14    0.000    0.000    0.000    15421    4.801
     539       14    0.000    0.000    0.000    25601    4.229
     540       14    0.000    0.000    0.000    26781    4.877
     541       14    0.000    0.000    0.000    30021    4.322
     542       14    0.000    0.000    0.000    33021    4.676
     543       14    0.000    0.000    0.000    33275    5.962
     544       14    0.000    0.000    0.000    34521    4.543
     545       14    0.000    0.000    0.000    37841    4.396
     546       14    0.000    0.000    0.000    13127    4.754
     547       14    0.000    0.000    0.000    39101    4.553
     548       13    0.000    0.000    0.000       81    4.833
     549       13    0.000    0.000    0.000      141    5.226
     550       13    0.000    0.000    0.000    10041    4.753
     551       13    0.000    0.000    0.000    12041    5.196
     552       13    0.000    0.000    0.000    12141    5.148
     553       13    0.000    0.000    0.000    12371    4.449
     554       13    0.000    0.000    0.000    21605    4.666
     555       13    0.000    0.000    0.000    15041    5.083
     556       13    0.000    0.000    0.000    16221    5.019
     557       13    0.000    0.000    0.000    19926    4.792
     558       13    0.000    0.000    0.000    17221    5.346
     559       13    0.000    0.000    0.000    18181    5.070
     560       13    0.000    0.000    0.000    19241    4.642
     561       13    0.000    0.000    0.000    20841    5.345
     562       13    0.000    0.000    0.000    22221    4.886
     563       13    0.000    0.000    0.000    38135    4.681
     564       13    0.000    0.000    0.000    10444    4.776
     565       13    0.000    0.000    0.000    37880    4.623
     566       13    0.000    0.000    0.000    28901    4.737
     567       13    0.000    0.000    0.000    33861    4.366
     568       13    0.000    0.000    0.000    34961    4.669
     569       13    0.000    0.000    0.000       64    4.701
     570       13    0.000    0.000    0.000    38001    4.648
     571       13    0.000    0.000    0.000    38461    4.439
     572       12    0.000    0.000    0.000        1    4.921
     573       12    0.000    0.000    0.000      361    4.654
     574       12    0.000    0.000    0.000     2121    4.581
     575       12    0.000    0.000    0.000     4401    4.787
     576       12    0.000    0.000    0.000    13321    4.488
     577       12    0.000    0.000    0.000    14941    4.880
     578       12    0.000    0.000    0.000    15461    4.862
     579       12    0.000    0.000    0.000    18101    4.796
     580       12    0.000    0.000    0.000    19281    4.956
     581       12    0.000    0.000    0.000    21861    4.398
     582       12    0.000    0.000    0.000    21901    4.609
     583       12    0.000    0.000    0.000    14997    5.250
     584       12    0.000    0.000    0.000    23201    4.884
     585       12    0.000    0.000    0.000    23242    4.778
     586       12    0.000    0.000    0.000    25526    4.424
     587       12    0.000    0.000    0.000    26481    4.980
     588       12    0.000    0.000    0.000    23023    4.675
     589       12    0.000    0.000    0.000    26581    4.632
     590       12    0.000    0.000    0.000    28681    6.196
     591       12    0.000    0.000    0.000    28741    4.752
     592       12    0.000    0.000    0.000    31701    5.484
     593       12    0.000    0.000    0.000    31780    6.496
     594       12    0.000    0.000    0.000    35221    4.782
     595       12    0.000    0.000    0.000    36961    4.605
     596       12    0.000    0.000    0.000    37541    4.723
     597       12    0.000    0.000    0.000    37821    4.851
     598       12    0.000    0.000    0.000    37941    4.702
     599       12    0.000    0.000    0.000    38581    4.761
     600       11    0.000    0.000    0.000       41    5.222
     601       11    0.000    0.000    0.000       61    4.450
     602       11    0.000    0.000    0.000     1341    5.265
     603       11    0.000    0.000    0.000    29222    4.752
     604       11    0.000    0.000    0.000     8061    4.895
     605       11    0.000    0.000    0.000    10081    5.168
     606       11    0.000    0.000    0.000    13341    4.588
     607       11    0.000    0.000    0.000    15061    4.647
     608       11    0.000    0.000    0.000    15521    4.901
     609       11    0.000    0.000    0.000    16398    5.457
     610       11    0.000    0.000    0.000    18381    4.772
     611       11    0.000    0.000    0.000    18761    4.371
     612       11    0.000    0.000    0.000    19261    5.001
     613       11    0.000    0.000    0.000    20001    4.452
     614       11    0.000    0.000    0.000       33    4.734
     615       11    0.000    0.000    0.000    23361    4.454
     616       11    0.000    0.000    0.000    24461    4.446
     617       11    0.000    0.000    0.000     4450    5.018
     618       11    0.000    0.000    0.000    25581    4.644
     619       11    0.000    0.000    0.000    28621    5.189
     620       11    0.000    0.000    0.000    31481    5.156
     621       11    0.000    0.000    0.000    31741    4.896
     622       11    0.000    0.000    0.000     7759    4.589
     623       11    0.000    0.000    0.000    34641    4.440
     624       11    0.000    0.000    0.000    37901    5.079
     625       11    0.000    0.000    0.000    39481    4.636
     626       11    0.000    0.000    0.000    39521    4.922
     627       10    0.000    0.000    0.000      201    4.651
     628       10    0.000    0.000    0.000     1281    4.840
     629       10    0.000    0.000    0.000     4981    4.505
     630       10    0.000    0.000    0.000     5681    4.301
     631       10    0.000    0.000    0.000     7761    4.574
     632       10    0.000    0.000    0.000    12081    4.623
     633       10    0.000    0.000    0.000    12301    5.047
     634       10    0.000    0.000    0.000    14301    4.576
     635       10    0.000    0.000    0.000    11130    4.553
     636       10    0.000    0.000    0.000    16741    4.769
     637       10    0.000    0.000    0.000    16801    4.683
     638       10    0.000    0.000    0.000    17101    4.830
     639       10    0.000    0.000    0.000    18301    5.347
     640       10    0.000    0.000    0.000    18701    4.998
     641       10    0.000    0.000    0.000    18697    4.337
     642       10    0.000    0.000    0.000    21461    4.517
     643       10    0.000    0.000    0.000    15343    5.590
     644       10    0.000    0.000    0.000    28281    5.248
     645       10    0.000    0.000    0.000    28581    4.620
     646       10    0.000    0.000    0.000    29721    4.530
     647       10    0.000    0.000    0.000    31124    4.903
     648       10    0.000    0.000    0.000    34101    4.707
     649        9    0.000    0.000    0.000     2501    4.643
     650        9    0.000    0.000    0.000     9441    4.824
     651        9    0.000    0.000    0.000    11121    4.480
     652        9    0.000    0.000    0.000    12221    5.174
     653        9    0.000    0.000    0.000    13201    4.788
     654        9    0.000    0.000    0.000    16381    4.692
     655        9    0.000    0.000    0.000    17563    5.477
     656        9    0.000    0.000    0.000    18201    5.142
     657        9    0.000    0.000    0.000    13997    4.670
     658        9    0.000    0.000    0.000    18801    5.529
     659        9    0.000    0.000    0.000    18821    4.328
     660        9    0.000    0.000    0.000    19401    4.779
     661        9    0.000    0.000    0.000    19501    4.627
     662        9    0.000    0.000    0.000    23841    4.660
     663        9    0.000    0.000    0.000    26521    5.423
     664        9    0.000    0.000    0.000    28701    5.359
     665        9    0.000    0.000    0.000    28961    4.756
     666        9    0.000    0.000    0.000    29841    4.833
     667        9    0.000    0.000    0.000    31519    6.366
     668        9    0.000    0.000    0.000    32441    4.748
     669        9    0.000    0.000    0.000    35555    5.140
     670        8    0.000    0.000    0.000     8561    4.497
     671        8    0.000    0.000    0.000    12361    4.885
     672        8    0.000    0.000    0.000    12530    4.529
     673        8    0.000    0.000    0.000    13261    4.544
     674        8    0.000    0.000    0.000    15021    4.623
     675        8    0.000    0.000    0.000    15601    4.777
     676        8    0.000    0.000    0.000    16241    4.596
     677        8    0.000    0.000    0.000    17601    4.637
     678        8    0.000    0.000    0.000    18401    4.574
     679        8    0.000    0.000    0.000    21893    4.416
     680        8    0.000    0.000    0.000    21381    5.207
     681        8    0.000    0.000    0.000    22921    4.941
     682        8    0.000    0.000    0.000    23181    4.398
     683        8    0.000    0.000    0.000    19324    4.710
     684        8    0.000    0.000    0.000    38132    4.805
     685        8    0.000    0.000    0.000    32988    5.102
     686        8    0.000    0.000    0.000    12038    5.011
     687        8    0.000    0.000    0.000    28893    4.831
     688        8    0.000    0.000    0.000    29041    5.422
     689        8    0.000    0.000    0.000    31501    4.748
     690        8    0.000    0.000    0.000    31721    4.859
     691        8    0.000    0.000    0.000    33361    4.438
     692        8    0.000    0.000    0.000    37221    4.352
     693        7    0.000    0.000    0.000     5161    4.789
     694        7    0.000    0.000    0.000     5901    4.862
     695        7    0.000    0.000    0.000    10101    4.907
     696        7    0.000    0.000    0.000    11736    5.225
     697        7    0.000    0.000    0.000    12161    4.878
     698        7    0.000    0.000    0.000    38053    4.581
     699        7    0.000    0.000    0.000    20581    4.720
     700        7    0.000    0.000    0.000    21361    5.210
     701        7    0.000    0.000    0.000    25541    4.899
     702        7    0.000    0.000    0.000    12612    4.590
     703        7    0.000    0.000    0.000    31141    5.021
     704        7    0.000    0.000    0.000    31561    4.934
     705        7    0.000    0.000    0.000    20868    5.158
     706        7    0.000    0.000    0.000    35541    4.858
     707        7    0.000    0.000    0.000    35561    4.726
     708        6    0.000    0.000    0.000      120    5.260
     709        6    0.000    0.000    0.000    16995    4.987
     710        6    0.000    0.000    0.000    10421    5.063
     711        6    0.000    0.000    0.000    10461    4.431
     712        6    0.000    0.000    0.000    12341    4.675
     713        6    0.000    0.000    0.000    15781    4.769
     714        6    0.000    0.000    0.000    20561    4.744
     715        6    0.000    0.000    0.000    31760    5.648
     716        6    0.000    0.000    0.000    33041    4.793
     717        6    0.000    0.000    0.000    36241    5.161
     718        5    0.000    0.000    0.000      701    4.593
     719        5    0.000    0.000    0.000     5921    4.674
     720        5    0.000    0.000    0.000    17081    5.380
     721        5    0.000    0.000    0.000    20861    5.187
     722        5    0.000    0.000    0.000    28721    5.684
     723        5    0.000    0.000    0.000    28801    5.250
     724        5    0.000    0.000    0.000    39561    5.025
     725        4    0.000    0.000    0.000     1301    5.229
     726        4    0.000    0.000    0.000     1401    4.881
     727        4    0.000    0.000    0.000    11881    5.231
     728        4    0.000    0.000    0.000    17061    4.793
     729        4    0.000    0.000    0.000    19347    4.794
     730        4    0.000    0.000    0.000    21941    4.348
     731        4    0.000    0.000    0.000    23101    4.987
     732        4    0.000    0.000    0.000    23281    4.966
     733        4    0.000    0.000    0.000    18164    4.684
     734        4    0.000    0.000    0.000    16388    4.918
     735        4    0.000    0.000    0.000    35241    4.933
     736        3    0.000    0.000    0.000    31013    4.855
     737        3    0.000    0.000    0.000    26501    5.004
     738        3    0.000    0.000    0.000    26641    4.736
     739        3    0.000    0.000    0.000    28521    5.043
     740        3    0.000    0.000    0.000    29899    4.715
     741        1    0.000    0.000    0.000      741    4.856
     742        1    0.000    0.000    0.000    16421    5.215
